(-11 +4 -8 -14 -1 +9 +5 -10 +12 +13 -6 -15 -7 +2 -3)
(-11 +4 -8 -14 -1 +9 +5 -10 +12 +13 -6 -15 -7 +2 +3)
(-11 +4 -8 -14 -1 -3 -2 +7 +15 +6 -13 -12 +10 -5 -9)
(-11 +4 -8 -14 -1 -3 -2 +7 +15 +6 -13 -12 +9 +5 -10)
(-11 +4 -8 -14 -1 -3 -2 +7 +15 +6 -13 -12 +9 +10 -5)
(-11 +4 -8)(-14 -1 -3 -2 +7 +15 +6 -13 -12 +9 +10 -5)
(-11 +4 -8 -6 -15 -7 +2 +3 +1 +14 +5 -10 -9 +12 +13)
(-11 +4 -8 -6 -15 -7 +2 +3 +1 -13 -12 +9 +10 -5 -14)
(-11 +4 -8 -6 +14 +5 -10 -9 +12 +13 -1 -3 -2 +7 +15)
(+11)(+4 -8 -6 +14 +5 -10 -9 +12 +13 -1 -3 -2 +7 +15)
(+11 -12 +9 +10 -5 -14 +6 +8 -4 -15 -7 +2 +3 +1 -13)
(+11 -12 +9 +10 +13 -1 -3 -2 +7 +15 +4 -8 -6 +14 +5)
(+11 -12 +9 +10 +13 -1 -3 -2 -8 -6 +14 +5)(+7 +15 +4)
(+11 -12 +9 +10 +13 -1 -3 -2 +15 +4 +7 -8 -6 +14 +5)